# NVIDIA B200 (Blackwell, GB100) — 192 GB HBM3e SKU
# Values use NVIDIA's current HGX B200 specifications, converted from
# 8-GPU sparse system peaks to per-GPU dense peaks where needed.
name: "B200"
SRAM_capacity: 67108864  # 64 MB L2 cache
SRAM_byte_per_cycle: 6000  # ~10 TB/s L2 aggregate bandwidth at ~1.7 GHz
DRAM_capacity: 206158430208  # 192 GB HBM3e
DRAM_byte_per_cycle: 4662  # 8 TB/s at 1.716 GHz base/TC clock
freq_GHz: 1.716
MAC_per_cycle_fp32_sm: 21853.146853146853  # 75 TFLOPS FP32 (CUDA cores) — MAC = 2 FLOPs
MAC_per_cycle_fp16_tc: 655594.4055944056  # 2250 TFLOPS FP16 (Tensor Cores) — MAC = 2 FLOPs
MAC_per_cycle_bf16_tc: 655594.4055944056  # 2250 TFLOPS BF16 (Tensor Cores) — MAC = 2 FLOPs
MAC_per_cycle_tf32_tc: 327797.2027972028  # 1125 TFLOPS TF32 (Tensor Cores) — MAC = 2 FLOPs
MAC_per_cycle_fp8_tc: 1311188.8111888112  # 4500 TFLOPS FP8 (Tensor Cores) — MAC = 2 FLOPs
MAC_per_cycle_int8_tc: 1311188.8111888112  # 4500 TOPS INT8 (Tensor Cores) — MAC = 2 OPs
MAC_per_cycle_fp4_tc: 2622377.6223776224  # 9000 TFLOPS FP4 (Tensor Cores) — MAC = 2 FLOPs
MAC_per_cycle_nvfp4_tc: 2622377.6223776224  # Same FP4 dense peak
