# NVIDIA Jetson T4000 module (Thor SoC, Blackwell GPU)
# Values are derived from docs/hardware/nvidia/jetson-thor-technical-brief.pdf
# TB-12572-001, Table 1, plus OpCompass dense peak definitions.
name: "Jetson_Thor_T4000"
SRAM_capacity: 7549747  # L2 estimate scaled from T5000 by 12/20 SMs; brief does not publish L2
SRAM_byte_per_cycle: 153  # L2 bandwidth estimate scaled from T5000 by 12/20 SMs
DRAM_capacity: 68719476736  # 64 GB LPDDR5x
DRAM_byte_per_cycle: 173.88535031847132  # 273 GB/s at 1.57 GHz
freq_GHz: 1.57
MAC_per_cycle_fp32_sm: 1536.0  # 4.82304 TFLOPS FP32 CUDA core peak
MAC_per_cycle_tf32_tc: 23885.350318471337  # 75 TFLOPS TF32, derived from FP4 dense ratio
MAC_per_cycle_fp16_tc: 47770.700636942674  # 150 TFLOPS FP16 dense, derived
MAC_per_cycle_bf16_tc: 47770.700636942674  # same Tensor Core rate as FP16
MAC_per_cycle_fp8_tc: 95541.40127388535  # 300 TFLOPS FP8 dense, derived
MAC_per_cycle_int8_tc: 95541.40127388535  # 300 TOPS INT8 dense, derived
MAC_per_cycle_fp4_tc: 191082.8025477707  # 600 TFLOPS FP4 dense; Table 1 gives 1200 sparse/effective
MAC_per_cycle_nvfp4_tc: 191082.8025477707  # SOLAR normalizes FP4 precision to nvfp4
